0 0
500 69450
1000 122929
1500 178029
2000 237740
2500 298004
3000 358313
3500 419332
4000 481293
4500 546441
5000 611962
5500 678734
6000 744760
6500 812267
7000 878681
7500 946028
8000 1015243
8500 1086989
9000 1161489
9500 1234346
10000 1321812
10500 1402087
11000 1476281
11500 1550779
12000 1627171
12500 1701657
13000 1775027
13500 1848576
14000 1921702
14500 1995979
15000 2070121
15500 2144556
16000 2221000
16500 2298718
17000 2381418
17500 2463022
18000 2546121
18500 2630271
19000 2714239
19500 2797144
20000 2882123
20500 2965409
21000 3047450
21500 3129878
22000 3212218
22500 3295125
23000 3377442
23500 3461592
24000 3547011
24500 3629837
25000 3713378
25500 3794221
26000 3876464
26500 3958510
27000 4042234
27500 4125852
28000 4210922
28500 4293344
29000 4377418
29500 4459354
30000 4541721
30500 4624446
31000 4706425
31500 4788803
32000 4875596
32500 4959520
33000 5051320
33500 5151039
34000 5251613
34500 5366468
35000 5473761
35500 5578527
36000 5687478
36500 5792157
37000 5896837
37500 6000848
38000 6105469
38500 6209334
39000 6313917
39500 6419004
40000 6527589
40500 6632440
41000 6737190
41500 6841057
42000 6945333
42500 7049149
43000 7153684
43500 7257456
44000 7364681
44500 7470574
45000 7575603
45500 7679826
46000 7784457
46500 7888927
47000 7991829
47500 8096416
48000 8203435
48500 8309775
49000 8413981
49500 8518214
50000 8622546
50500 8727487
51000 8832043
51500 8939294
52000 9043174
52500 9147660
53000 9253222
53500 9367995
54000 9476017
54500 9579537
55000 9683493
55500 9791251
56000 9895790
56500 10000064
57000 10106030
57500 10210153
58000 10314133
58500 10418154
59000 10521689
59500 10629085
60000 10733281
60500 10837553
61000 10942436
61500 11048448
62000 11152753
62500 11257037
63000 11360466
63500 11467521
64000 11571342
64500 11677295
65000 11781799
65500 11887757
66000 12007824
66500 12128060
67000 12246835
67500 12368432
68000 12486338
68500 12606324
69000 12726074
69500 12845219
70000 12966087
70500 13085994
71000 13205179
71500 13338705
72000 13462111
72500 13581634
73000 13701243
73500 13819923
74000 13940901
74500 14060321
75000 14179202
75500 14301324
76000 14420438
76500 14539164
77000 14659418
77500 14779152
78000 14899684
78500 15019596
79000 15138316
79500 15260089
80000 15379071
80500 15498093
81000 15618729
81500 15737956
82000 15860431
82500 15984661
83000 16106592
83500 16231432
84000 16354644
84500 16478421
85000 16600773
85500 16723688
86000 16848009
86500 16971167
87000 17093136
87500 17217439
88000 17345365
88500 17469451
89000 17592679
89500 17714012
90000 17837374
90500 17959129
91000 18082263
91500 18206822
92000 18328350
92500 18449604
93000 18571179
93500 18693828
94000 18815408
94500 18936768
95000 19059018
95500 19183489
96000 19304885
96500 19426311
97000 19548839
97500 19670635
98000 19791740
98500 19914100
99000 20033978
99500 20156719
100000 20274625
