0 0
500 55071
1000 84135
1500 105991
2000 127566
2500 149168
3000 170801
3500 192387
4000 213942
4500 235395
5000 256876
5500 278461
6000 299927
6500 321411
7000 342974
7500 364419
8000 386142
8500 407684
9000 429144
9500 450657
10000 472142
10500 493598
11000 515238
11500 536761
12000 558289
12500 579798
13000 609079
13500 648842
14000 676790
14500 699543
15000 721275
15500 742907
16000 764416
16500 786165
17000 810952
17500 838328
18000 861386
18500 883132
19000 904812
19500 926555
20000 948009
20500 969524
21000 991055
21500 1012574
22000 1034828
22500 1060097
23000 1083634
23500 1106845
24000 1129906
24500 1153088
25000 1176095
25500 1199107
26000 1222154
26500 1245306
27000 1268412
27500 1291532
28000 1314612
28500 1337634
29000 1360606
29500 1383641
30000 1406780
30500 1429872
31000 1452868
31500 1476058
32000 1499154
32500 1522323
33000 1545312
33500 1568269
34000 1591266
34500 1614440
35000 1637486
35500 1660707
36000 1683712
36500 1706734
37000 1729759
37500 1752922
38000 1775903
38500 1798949
39000 1822073
39500 1845524
40000 1869218
40500 1892316
41000 1915693
41500 1938857
42000 1961939
42500 1985078
43000 2008126
43500 2031343
44000 2054386
44500 2077476
45000 2100349
45500 2123404
46000 2146431
46500 2169404
47000 2192368
47500 2215367
48000 2238447
48500 2314295
49000 2343185
49500 2366574
50000 2389895
50500 2404443
51000 2418649
51500 2432769
52000 2446906
52500 2461032
53000 2475093
53500 2489261
54000 2503400
54500 2517582
55000 2531682
55500 2545814
56000 2559858
56500 2573946
57000 2587971
57500 2601994
58000 2616169
58500 2630304
59000 2644365
59500 2658426
60000 2672669
60500 2686742
61000 2700856
61500 2714854
62000 2728965
62500 2743156
63000 2757261
63500 2771317
64000 2785335
64500 2799390
65000 2813398
65500 2827450
66000 2841516
66500 2855593
67000 2869583
67500 2883702
68000 2897809
68500 2911940
69000 2926102
69500 2940158
70000 2954284
70500 2968382
71000 2982518
71500 2996627
72000 3010659
72500 3025013
73000 3040019
73500 3054171
74000 3068220
74500 3082399
75000 3096397
75500 3110536
76000 3124665
76500 3138823
77000 3152864
77500 3166947
78000 3181042
78500 3195176
79000 3209281
79500 3223296
80000 3237344
80500 3251430
81000 3265513
81500 3279526
82000 3293615
82500 3307795
83000 3321796
83500 3335857
84000 3349953
84500 3364005
85000 3378028
85500 3392126
86000 3406161
86500 3420252
87000 3434346
87500 3448489
88000 3462588
88500 3476701
89000 3490721
89500 3504837
90000 3518969
90500 3533079
91000 3547155
91500 3561229
92000 3575393
92500 3589424
93000 3603432
93500 3617443
94000 3631524
94500 3645652
95000 3659709
95500 3673942
96000 3688055
96500 3702200
97000 3716316
97500 3730404
98000 3744668
98500 3759563
99000 3773699
99500 3787788
100000 3802164
