0 0
500 9827
1000 19092
1500 29058
2000 36026
2500 47654
3000 54452
3500 61086
4000 67630
4500 83213
5000 90952
5500 97436
6000 103990
6500 110746
7000 117222
7500 123683
8000 130208
8500 153092
9000 160527
9500 167657
10000 174077
10500 180636
11000 187149
11500 193698
12000 200292
12500 206745
13000 213252
13500 219827
14000 226306
14500 232792
15000 239289
15500 245763
16000 252296
16500 296129
17000 304618
17500 311198
18000 317835
18500 324388
19000 330840
19500 337338
20000 343795
20500 350388
21000 356956
21500 363495
22000 369983
22500 376535
23000 383052
23500 389496
24000 395988
24500 402444
25000 408874
25500 34431444
26000 67597724
26500 100088941
27000 132294698
27500 163375744
28000 193768166
28500 223387569
29000 252153694
29500 280276013
30000 307605638
30500 334183525
31000 360105031
31500 385435639
32000 409976296
32500 433732205
33000 456744706
33500 479113455
34000 500736041
34500 521827098
35000 542174289
35500 561771589
36000 580692001
36500 598992550
37000 616680190
37500 633919997
38000 650039296
38500 665408215
39000 680204425
39500 694207869
40000 707513079
40500 720255225
41000 732277405
41500 743631629
42000 754309633
42500 764294992
43000 773612206
43500 782282992
44000 790246123
44500 797628436
45000 804309032
45500 810363256
46000 815685671
46500 820351753
47000 824431556
47500 827853963
48000 830609734
48500 832697988
49000 834239626
49500 835140148
50000 835446463
50500 835452709
51000 835458784
51500 835464883
52000 835470939
52500 835476995
53000 835483050
53500 835489049
54000 835495104
54500 835501152
55000 835507209
55500 835513264
56000 835519323
56500 835525465
57000 835531465
57500 835537520
58000 835543527
58500 835549583
59000 835555610
59500 835561716
60000 835567889
60500 835575682
61000 835582300
61500 835588919
62000 835595895
62500 835602619
63000 835609130
63500 835615645
64000 835622399
64500 835628414
65000 835634471
65500 835640540
66000 835646605
66500 835652652
67000 835658704
67500 835664749
68000 835670802
68500 835676923
69000 835683076
69500 835689123
70000 835695176
70500 835701269
71000 835707316
71500 835713309
72000 835719468
72500 835725876
73000 835732024
73500 835738085
74000 835744290
74500 835750468
75000 835756556
75500 835763361
76000 835770185
76500 835776995
77000 835783816
77500 835790626
78000 835797427
78500 835804186
79000 835810994
79500 835817805
80000 835824616
80500 835831405
81000 835838218
81500 835845034
82000 835851837
82500 835858634
83000 835865447
83500 835872262
84000 835879073
84500 835885884
85000 835892692
85500 835899456
86000 835906270
86500 835913083
87000 835919893
87500 835926707
88000 835933519
88500 835940328
89000 835947139
89500 835953950
90000 835960763
90500 835967576
91000 835974382
91500 835981239
92000 835988041
92500 835994793
93000 836001606
93500 836008414
94000 836015202
94500 836022011
95000 836028824
95500 836035730
96000 836042632
96500 836049455
97000 836056291
97500 836063250
98000 836070255
98500 836077188
99000 836084111
99500 836091021
99999 836097916
