0 0
500 69495
1000 103394
1500 149340
2000 166044
2500 182277
3000 258177
3500 275385
4000 291601
4500 307794
5000 323926
5500 465289
6000 482774
6500 498963
7000 515127
7500 531170
8000 547427
8500 563545
9000 579638
9500 595697
10000 611816
10500 627859
11000 1052153
11500 1071463
12000 1087772
12500 1103914
13000 1120072
13500 1136266
14000 1152505
14500 1168648
15000 1184818
15500 1201053
16000 1217357
16500 1233552
17000 1249745
17500 1265945
18000 1282116
18500 1298303
19000 1314499
19500 1330751
20000 1346981
20500 1363141
21000 1379294
21500 1395423
22000 2229870
22500 2249526
23000 2265830
23500 2282057
24000 2298301
24500 2314503
25000 2330761
25500 2347008
26000 2363309
26500 2379518
27000 2395921
27500 2412171
28000 2428439
28500 2444572
29000 2460763
29500 2476953
30000 2493160
30500 2509460
31000 2526019
31500 2542250
32000 2558507
32500 2574660
33000 2590795
33500 2607104
34000 2623251
34500 2639452
35000 2655583
35500 2671769
36000 2687963
36500 2704100
37000 2720241
37500 2736377
38000 2752588
38500 2768704
39000 2784829
39500 2800972
40000 2817129
40500 2833368
41000 2849610
41500 2865808
42000 2881976
42500 2898106
43000 2914266
43500 2930432
44000 4865731
44500 4890304
45000 4906997
45500 4923405
46000 4939732
46500 4955965
47000 4972204
47500 4988483
48000 5004704
48500 5020950
49000 5037178
49500 5053670
50000 5069876
50500 5086127
51000 5102447
51500 5118688
52000 5135046
52500 5151343
53000 5167571
53500 5183813
54000 5199992
54500 5216102
55000 5232223
55500 5248524
56000 5264824
56500 5281094
57000 5297336
57500 5313467
58000 5329684
58500 5345918
59000 5362182
59500 5378387
60000 5394710
60500 5410943
61000 5427095
61500 5443350
62000 5459561
62500 5475800
63000 5493271
63500 5509648
64000 5526153
64500 5542311
65000 5558534
65500 5574776
66000 5590981
66500 5607216
67000 5623473
67500 5639737
68000 5656000
68500 5672226
69000 5688411
69500 5704767
70000 5721575
70500 5737947
71000 5754264
71500 5770464
72000 5786715
72500 5802986
73000 5819231
73500 5835483
74000 5851969
74500 5868194
75000 5884397
75500 5900615
76000 5916857
76500 5933066
77000 5949232
77500 5965503
78000 5981757
78500 5998001
79000 6014272
79500 6030570
80000 6046768
80500 6063029
81000 6079221
81500 6095418
82000 6111621
82500 6127865
83000 6144097
83500 6160305
84000 6176580
84500 6192803
85000 6209080
85500 6225178
86000 6241446
86500 6257677
87000 6273902
87500 6290243
88000 9548368
88500 9581314
89000 9598154
89500 9614677
90000 9631064
90500 9647483
91000 9663869
91500 9680233
92000 9696539
92500 9712745
93000 9729035
93500 9745345
94000 9761667
94500 9777929
95000 9794217
95500 9810501
96000 9826838
96500 9843108
97000 9859412
97500 9875691
98000 9892034
98500 9908311
99000 9924676
99500 9940977
100000 9957208
