0 0
500 28651
1000 55941
1500 81345
2000 106498
2500 131278
3000 156263
3500 180963
4000 205954
4500 232787
5000 258436
5500 283727
6000 308464
6500 334636
7000 359626
7500 384432
8000 410064
8500 434860
9000 459788
9500 484838
10000 509674
10500 534489
11000 560805
11500 586465
12000 612333
12500 637639
13000 662434
13500 687051
14000 711804
14500 736607
15000 762118
15500 786822
16000 811543
16500 836267
17000 861032
17500 886566
18000 911290
18500 936554
19000 961705
19500 986379
20000 1011893
20500 1036649
21000 1061364
21500 1086073
22000 1111362
22500 1136872
23000 1162625
23500 1187428
24000 1212839
24500 1238423
25000 1263329
25500 1287947
26000 1314646
26500 1339400
27000 1364064
27500 1388743
28000 1413359
28500 1438942
29000 1463595
29500 1488371
30000 1513022
30500 1539090
31000 1563760
31500 1588577
32000 1613726
32500 1638894
33000 1664941
33500 1689614
34000 1715517
34500 1740271
35000 1765900
35500 1791844
36000 1816364
36500 1841072
37000 1866178
37500 1890910
38000 1916661
38500 1941266
39000 1966001
39500 1991423
40000 2016069
40500 2041645
41000 2066437
41500 2091566
42000 2116228
42500 2141380
43000 2167228
43500 2192159
44000 2217515
44500 2242303
45000 2267300
45500 2304654
46000 2332934
46500 2359383
47000 2384955
47500 2409674
48000 2434985
48500 2459828
49000 2484864
49500 2509881
50000 2535211
50500 2560321
51000 2585271
51500 2610769
52000 2635981
52500 2660774
53000 2686199
53500 2710938
54000 2735749
54500 2762346
55000 2787138
55500 2812226
56000 2837684
56500 2864169
57000 2890163
57500 2916299
58000 2942251
58500 2968499
59000 2994950
59500 3020596
60000 3046878
60500 3074002
61000 3099762
61500 3124576
62000 3151036
62500 3176841
63000 3201704
63500 3226365
64000 3251563
64500 3276798
65000 3301653
65500 3326440
66000 3351577
66500 3376681
67000 3401470
67500 3426943
68000 3451665
68500 3477398
69000 3502040
69500 3527484
70000 3553413
70500 3578430
71000 3603642
71500 3628432
72000 3654305
72500 3680339
73000 3705850
73500 3730770
74000 3755671
74500 3781218
75000 3806740
75500 3831743
76000 3858001
76500 3883602
77000 3908337
77500 3933624
78000 3958511
78500 3985444
79000 4010147
79500 4034828
80000 4060583
80500 4086375
81000 4111239
81500 4136655
82000 4161931
82500 4186669
83000 4213047
83500 4238920
84000 4264655
84500 4290007
85000 4316014
85500 4342115
86000 4367994
86500 4393455
87000 4418212
87500 4443104
88000 4469663
88500 4494542
89000 4519862
89500 4545380
90000 4570438
90500 4597409
91000 4622103
91500 4646755
92000 4671327
92500 4695938
93000 4720567
93500 4745612
94000 4770949
94500 4795630
95000 4820754
95500 4846226
96000 4871776
96500 4896674
97000 4921575
97500 4947245
98000 4972305
98500 4999011
99000 5025096
99500 5051300
100000 5077926
100500 5104467
101000 5129352
101500 5153993
102000 5179382
102500 5204772
103000 5229697
103500 5254370
104000 5279064
104500 5304644
105000 5329515
105500 5354964
106000 5380003
106500 5406186
107000 5430904
107500 5456765
108000 5481753
108500 5508376
109000 5535868
109500 5561665
110000 5586954
110500 5612417
111000 5637212
111500 5662158
112000 5686954
112500 5712158
113000 5737494
113500 5762298
114000 5786786
114500 5811545
115000 5836825
115500 5861435
116000 5887753
116500 5912382
117000 5937532
117500 5962889
118000 5989102
118500 6013763
119000 6038924
119500 6063722
120000 6088477
120500 6113915
121000 6138491
121500 6164566
122000 6190297
122500 6214906
123000 6239582
123500 6264399
124000 6298305
124500 6326241
125000 6352612
125500 6377313
126000 6403794
126500 6429844
127000 6455242
127500 6481009
128000 6507031
128500 6531860
129000 6557937
129500 6583368
130000 6608042
130500 6632586
131000 6657909
131500 6683728
132000 6710457
132500 6735872
133000 6761230
133500 6786054
134000 6810664
134500 6836409
135000 6861174
135500 6886064
136000 6912287
136500 6937057
137000 6961768
137500 6986786
138000 7012023
138500 7038456
139000 7063188
139500 7088032
140000 7112811
140500 7137658
141000 7162494
141500 7187182
142000 7212755
142500 7237651
143000 7262900
143500 7287569
144000 7312260
144500 7337142
145000 7362068
145500 7388083
146000 7422303
146500 7450074
147000 7477270
147500 7502667
148000 7527416
148500 7553784
149000 7579773
149500 7605513
150000 7630336
150500 7656811
151000 7681503
151500 7706939
152000 7731563
152500 7756294
153000 7781844
153500 7806563
154000 7832104
154500 7856986
155000 7882264
155500 7907087
156000 7932072
156500 7957864
157000 7983778
157500 8008490
158000 8033527
158500 8059043
159000 8083695
159500 8108353
160000 8133202
160500 8158931
161000 8183892
161500 8208606
162000 8233397
162500 8258874
163000 8283465
163500 8308176
164000 8333655
164500 8359147
165000 8383949
165500 8409114
166000 8434382
166500 8459188
167000 8483831
167500 8508821
168000 8533602
168500 8559261
169000 8584195
169500 8610198
170000 8634990
170500 8659951
171000 8684726
171500 8709439
172000 8734755
172500 8759600
173000 8784862
173500 8809879
174000 8834723
174500 8861171
175000 8886001
175500 8910655
176000 8935465
176500 8960358
177000 8985221
177500 9010002
178000 9035825
178500 9060917
179000 9087436
179500 9112042
180000 9136666
180500 9161879
181000 9187016
181500 9211781
182000 9236394
182500 9261147
183000 9287486
183500 9313178
184000 9337829
184500 9363404
185000 9388028
185500 9412793
186000 9437425
186500 9462058
187000 9486799
187500 9511630
188000 9537651
188500 9562778
189000 9587981
189500 9612803
190000 9637622
190500 9662361
191000 9687224
191500 9712614
192000 9738115
192500 9762907
193000 9788465
193500 9813187
194000 9838888
194500 9863844
195000 9889448
195500 9914850
196000 9939572
196500 9964448
197000 9990685
197500 10016056
198000 10040845
198500 10066943
199000 10091534
199500 10116375
200000 10140988
200500 10165713
201000 10190332
201500 10214992
202000 10240635
202500 10272599
203000 10300868
203500 10327971
204000 10352818
204500 10378522
205000 10403500
205500 10430286
206000 10455193
206500 10480143
207000 10505535
207500 10531726
208000 10557408
208500 10582360
209000 10607943
209500 10632772
210000 10657475
210500 10683167
211000 10707927
211500 10732867
212000 10758158
212500 10782824
213000 10807606
213500 10832501
214000 10858724
214500 10883703
215000 10909071
215500 10934175
216000 10959622
216500 10984328
217000 11009164
217500 11035379
218000 11061320
218500 11086082
219000 11110867
219500 11136007
220000 11160732
220500 11185494
221000 11211775
221500 11237550
222000 11262368
222500 11287305
223000 11311954
223500 11336773
224000 11363109
224500 11389552
225000 11414205
225500 11439801
226000 11464504
226500 11489919
227000 11515002
227500 11540074
228000 11565671
228500 11590863
229000 11615811
229500 11641092
230000 11667420
230500 11692461
231000 11718461
231500 11743267
232000 11768142
232500 11794023
233000 11818839
233500 11843556
234000 11868307
234500 11894298
235000 11919004
235500 11944391
236000 11969284
236500 11996033
237000 12021591
237500 12046495
238000 12072338
238500 12098618
239000 12124972
239500 12152018
240000 12176769
240500 12201540
241000 12227410
241500 12252216
242000 12277072
242500 12303613
243000 12329607
243500 12355814
244000 12380935
244500 12407419
245000 12432160
245500 12457120
246000 12481942
246500 12507073
247000 12532036
247500 12556678
248000 12582568
248500 12607499
249000 12633693
249500 12659362
250000 12684909
250500 12725201
251000 12761477
251500 12795535
252000 12829426
252500 12871060
253000 12905440
253500 12938881
254000 12972417
254500 13006065
255000 13040880
255500 13076720
256000 13112027
256500 13145572
257000 13178425
257500 13211821
258000 13248741
258500 13283330
259000 13316408
259500 13350515
260000 13383580
260500 13417430
261000 13453402
261500 13487462
262000 13521402
262500 13555040
263000 13590161
263500 13623455
264000 13657240
264500 13691609
265000 13724960
265500 13758820
266000 13793228
266500 13828985
267000 13862851
267500 13895222
268000 13929122
268500 13964028
269000 13998134
269500 14032917
270000 14066817
270500 14101097
271000 14135828
271500 14170062
272000 14203662
272500 14239705
273000 14280386
273500 14315321
274000 14350931
274500 14384566
275000 14419098
275500 14452558
276000 14485635
276500 14520879
277000 14559144
277500 14594132
278000 14629360
278500 14662437
279000 14697314
279500 14730680
280000 14764515
280500 14799299
281000 14833560
281500 14868344
282000 14901194
282500 14934576
283000 14968006
283500 15003397
284000 15037102
284500 15072229
285000 15105578
285500 15137716
286000 15171556
286500 15206119
287000 15242061
287500 15275238
288000 15309355
288500 15342503
289000 15376389
289500 15412107
290000 15445494
290500 15479576
291000 15513389
291500 15547217
292000 15583725
292500 15616447
293000 15650411
293500 15683590
294000 15717437
294500 15751090
295000 15787655
295500 15821930
296000 15853956
296500 15887479
297000 15920616
297500 15957495
298000 15991561
298500 16025004
299000 16059241
299500 16091387
300000 16126897
300500 16161668
301000 16195111
301500 16228843
302000 16262149
302500 16296187
303000 16332365
303500 16365657
304000 16399055
304500 16432204
305000 16465988
305500 16500849
306000 16536495
306500 16570202
307000 16602307
307500 16636025
308000 16671013
308500 16704827
309000 16739751
309500 16773988
310000 16807100
310500 16838978
311000 16874338
311500 16909172
312000 16943422
312500 16976831
313000 17010642
313500 17045452
314000 17077550
314500 17113172
315000 17146746
315500 17181322
316000 17216657
316500 17250199
317000 17283893
317500 17317844
318000 17351991
318500 17386937
319000 17420706
319500 17453832
320000 17488633
320500 17522702
321000 17554763
321500 17589920
322000 17623326
322500 17656602
323000 17691731
323500 17725713
324000 17761397
324500 17793687
325000 17827621
325500 17860867
326000 17895857
326500 17931834
327000 17965302
327500 17999016
328000 18031394
328500 18066644
329000 18100765
329500 18135330
330000 18169122
330500 18202550
331000 18236395
331500 18275335
332000 18312073
332500 18346253
333000 18380013
333500 18414118
334000 18449507
334500 18485362
335000 18519048
335500 18551805
336000 18586446
336500 18620002
337000 18657052
337500 18691151
338000 18724759
338500 18758518
339000 18790860
339500 18824743
340000 18861034
340500 18895447
341000 18928709
341500 18961903
342000 18996013
342500 19031320
343000 19065549
343500 19099132
344000 19132399
344500 19166690
345000 19201413
345500 19237161
346000 19269739
346500 19303964
347000 19336995
347500 19370239
348000 19405453
348500 19440342
349000 19474458
349500 19506601
350000 19539773
350500 19575178
351000 19609925
351500 19644057
352000 19677094
352500 19711168
353000 19744940
353500 19778180
354000 19813490
354500 19847561
355000 19881891
355500 19916802
356000 19950895
356500 19983156
357000 20017784
357500 20051778
358000 20084980
358500 20120630
359000 20155059
359500 20189844
360000 20223055
360500 20256473
361000 20291656
361500 20324971
362000 20359340
362500 20393963
363000 20427276
363500 20461431
364000 20494820
364500 20528518
365000 20563368
365500 20597583
366000 20632279
366500 20667789
367000 20702655
367500 20735998
368000 20774023
368500 20811375
369000 20848667
369500 20884753
370000 20919809
370500 20955487
371000 20990856
371500 21027260
372000 21071617
372500 21127396
373000 21183506
373500 21246591
374000 21307709
374500 21362197
375000 21415997
375500 21482350
376000 21537686
376500 21605223
377000 21669036
377500 21724451
378000 21777718
378500 21832891
379000 21887079
379500 21953170
380000 22010475
380500 22072634
381000 22130763
381500 22185334
382000 22261856
382500 22327817
383000 22385572
383500 22442189
384000 22503917
384500 22561841
385000 22628896
385500 22690663
386000 22750457
386500 22805190
387000 22864669
387500 22927098
388000 22988981
388500 23053180
389000 23116078
389500 23179430
390000 23243173
390500 23308474
391000 23373010
391500 23435272
392000 23497211
392500 23559803
393000 23623245
393500 23689085
394000 23746711
394500 23809985
395000 23873505
395500 23935451
396000 23996498
396500 24055624
397000 24118509
397500 24179013
398000 24242213
398500 24301275
399000 24365118
399500 24425074
400000 24485776
400500 24548463
401000 24608880
401500 24669182
402000 24731764
402500 24794478
403000 24854297
403500 24916837
404000 24978220
404500 25040159
405000 25106756
405500 25167479
406000 25226872
406500 25282098
407000 25339465
407500 25407246
408000 25469918
408500 25534158
409000 25585446
409500 25642370
410000 25700067
410500 25761806
411000 25819424
411500 25877203
412000 25934603
412500 25992705
413000 26032406
413500 26066545
414000 26102558
414500 26137750
415000 26171848
415500 26206439
416000 26277633
416500 26339962
417000 26399332
417500 26458497
418000 26518487
418500 26566917
419000 26604884
419500 26639192
420000 26675718
420500 26723262
421000 26759947
421500 26795727
422000 26831606
422500 26865570
423000 26910023
423500 26945929
424000 26978378
424500 27016433
425000 27050621
425500 27084885
426000 27118359
426500 27152401
427000 27189361
427500 27222064
428000 27256382
428500 27289707
429000 27323957
429500 27358694
430000 27394305
430500 27428471
431000 27461781
431500 27494588
432000 27528558
432500 27564712
433000 27599476
433500 27632976
434000 27666899
434500 27700432
435000 27734949
435500 27769637
436000 27803954
436500 27836882
437000 27870383
437500 27905907
438000 27938992
438500 27973300
439000 28006598
439500 28039574
440000 28073053
440500 28108167
441000 28143601
441500 28176855
442000 28209573
442500 28243066
443000 28277855
443500 28311698
444000 28346548
444500 28380576
445000 28413821
445500 28447156
446000 28481004
446500 28515368
447000 28551023
447500 28584377
448000 28619434
448500 28652400
449000 28684454
449500 28719593
450000 28752915
450500 28786899
451000 28821666
451500 28855301
452000 28888466
452500 28922519
453000 28956540
453500 28990916
454000 29024895
454500 29058556
455000 29091664
455500 29126978
456000 29161227
456500 29194963
457000 29227956
457500 29261670
458000 29296227
458500 29329485
459000 29365170
459500 29397294
460000 29430795
460500 29464083
461000 29498826
461500 29534776
462000 29567939
462500 29601750
463000 29634929
463500 29667579
464000 29704083
464500 29737386
465000 29771186
465500 29804222
466000 29837778
466500 29873788
467000 29906159
467500 29940086
468000 29973158
468500 30007015
469000 30040267
469500 30076948
470000 30110628
470500 30142672
471000 30176460
471500 30209491
472000 30255374
472500 30290221
473000 30324030
473500 30357099
474000 30389184
474500 30424472
475000 30459236
475500 30493519
476000 30526723
476500 30559673
477000 30593369
477500 30626987
478000 30662434
478500 30695869
479000 30729444
479500 30762814
480000 30797914
480500 30833791
481000 30866133
481500 30899950
482000 30933098
482500 30967529
483000 31001109
483500 31036285
484000 31071085
484500 31103702
485000 31138045
485500 31172007
486000 31207118
486500 31242443
487000 31276354
487500 31310694
488000 31343166
488500 31387554
489000 31427104
489500 31460977
490000 31496384
490500 31536919
491000 31598327
491500 31655317
492000 31718865
492500 31783006
493000 31843074
493500 31906888
494000 31967370
494500 32028026
495000 32083255
495500 32135306
496000 32191627
496500 32247675
497000 32302716
497500 32361241
498000 32420284
498500 32476234
499000 32534566
499500 32593509
500000 32649103
500500 33915696
501000 35145882
501500 36180725
502000 37141548
502500 38096513
503000 39093177
503500 40022179
504000 40941288
504500 41869215
505000 42808749
505500 43735231
506000 44667730
506500 45603735
507000 46535268
507500 47462959
508000 48400909
508500 49326335
509000 50266988
509500 51203370
510000 52141862
510500 53049583
511000 53962927
511500 54881285
512000 55785402
512500 56690233
513000 57601027
513500 58516063
514000 59410448
514500 60304525
515000 61201165
515500 62107008
516000 63069119
516500 63967433
517000 64856511
517500 65759694
518000 66678196
518500 67582634
519000 68478911
519500 69396274
520000 70374983
520500 71252987
521000 72129837
521500 73011006
522000 73895984
522500 74828224
523000 75706130
523500 76583038
524000 77461003
524500 78349731
525000 79233838
525500 80121158
526000 81008189
526500 81897902
527000 82792510
527500 83677280
528000 84566696
528500 85451824
529000 86345025
529500 87238912
530000 88138918
530500 89004180
531000 89870058
531500 90745274
532000 91618086
532500 92476029
533000 93344854
533500 94204534
534000 95068206
534500 95929971
535000 96791385
535500 97659395
536000 98539564
536500 99410417
537000 100276314
537500 101151922
538000 102029009
538500 102902276
539000 103767169
539500 104638969
540000 105509134
540500 106355654
541000 107205268
541500 108049995
542000 108887803
542500 109732086
543000 110587817
543500 111420091
544000 112251244
544500 113092935
545000 113929461
545500 114900057
546000 116057794
546500 117204325
547000 118156727
547500 119010852
548000 119861461
548500 120709210
549000 121553385
549500 122417692
550000 123266096
550500 124085550
551000 124908494
551500 125736928
552000 126577526
552500 127401288
553000 128220342
553500 129035758
554000 129857912
554500 130686594
555000 131500526
555500 132313007
556000 133134367
556500 133950970
557000 134782628
557500 135601631
558000 136423216
558500 137242028
559000 138066258
559500 138898456
560000 139726408
560500 140527228
561000 141327036
561500 142130938
562000 142934261
562500 143731837
563000 144529443
563500 145328079
564000 146125416
564500 146933587
565000 147730241
565500 148529320
566000 149323618
566500 150125859
567000 150936119
567500 151744977
568000 152548244
568500 153342844
569000 154142022
569500 155002001
570000 155802319
570500 156572600
571000 157345016
571500 158120308
572000 158908209
572500 159689524
573000 160466737
573500 161243897
574000 162033105
574500 162819174
575000 163596099
575500 164374113
576000 165159490
576500 165942265
577000 166735569
577500 167520343
578000 168313380
578500 169089848
579000 169871380
579500 170669836
580000 171458049
580500 172222309
581000 172979688
581500 173738076
582000 174501482
582500 175262570
583000 176027207
583500 176785529
584000 177545098
584500 178309813
585000 179068891
585500 179831281
586000 180591424
586500 181352490
587000 182118054
587500 182882514
588000 183643533
588500 184401763
589000 185165895
589500 185932237
590000 186709087
590500 187446234
591000 188185254
591500 188921601
592000 189654724
592500 190398297
593000 191136994
593500 191873968
594000 192604995
594500 193342623
595000 194080836
595500 194831419
596000 195566932
596500 196308603
597000 197041776
597500 197783528
598000 198525735
598500 199262508
599000 199996243
599500 200734600
600000 201477893
600500 202198717
601000 202928025
601500 203647381
602000 204372989
602500 205081607
603000 205811017
603500 206534740
604000 207253302
604500 207962591
605000 208674368
605500 209396949
606000 210123192
606500 210849463
607000 211557918
607500 212263863
608000 212982657
608500 213693324
609000 214416084
609500 215141612
610000 215869323
610500 216571564
611000 217263016
611500 217957826
612000 218657840
612500 219351199
613000 220056308
613500 220749128
614000 221499199
614500 222464583
615000 223436557
615500 224369998
616000 225077027
616500 225776152
617000 226484307
617500 227180050
618000 227874975
618500 228570811
619000 229271008
619500 229982965
620000 230699703
620500 231385341
621000 232056856
621500 232741554
622000 233415849
622500 234088939
623000 234779945
623500 235453314
624000 236124036
624500 236793954
625000 237470559
625500 238162986
626000 238906284
626500 239573676
627000 240237236
627500 240911569
628000 241585433
628500 242263230
629000 242937940
629500 243614829
630000 244281586
630500 244927423
631000 245576834
631500 246232804
632000 246886639
632500 247529770
633000 248178475
633500 248834785
634000 249487818
634500 250136294
635000 250788545
635500 251442452
636000 252095737
636500 252746184
637000 253398251
637500 254053952
638000 254721320
638500 255373006
639000 256029176
639500 256687626
640000 257342055
640500 257971172
641000 258656518
641500 259287692
642000 259909790
642500 260532308
643000 261158246
643500 261778848
644000 262425046
644500 263046210
645000 263666025
645500 264291495
646000 264928952
646500 265567700
647000 266194332
647500 266825190
648000 267468010
648500 268108285
649000 268737068
649500 269376255
650000 270405111
650500 271010265
651000 271609399
651500 272214284
652000 272820035
652500 273423173
653000 274032411
653500 274644950
654000 275261226
654500 275863269
655000 276472726
655500 277080016
656000 277698776
656500 278318550
657000 278924886
657500 279529676
658000 280147508
658500 280758084
659000 281364616
659500 281981901
660000 282596157
660500 283189069
661000 283780925
661500 284372212
662000 284960856
662500 285545859
663000 286135819
663500 286724462
664000 287308188
664500 287887851
665000 288472405
665500 289059207
666000 289652661
666500 290252286
667000 290836360
667500 291417194
668000 292011088
668500 292600628
669000 293188066
669500 293783967
670000 294379693
670500 294947600
671000 295516240
671500 296082459
672000 296648107
672500 297218068
673000 297782508
673500 298352629
674000 298910672
674500 299471181
675000 300030248
675500 300596714
676000 301162887
676500 301721084
677000 302292560
677500 302853077
678000 303424935
678500 303987893
679000 304559754
679500 305141137
680000 305710549
680500 306254865
681000 306793716
681500 307332392
682000 307883779
682500 308420470
683000 308962515
683500 309497918
684000 310034751
684500 310578881
685000 311119801
685500 311653825
686000 312198320
686500 312736045
687000 313277604
687500 313826148
688000 314390676
688500 314945071
689000 315492721
689500 316043940
690000 316579994
690500 317098921
691000 317621521
691500 318149325
692000 318723074
692500 319242511
693000 319760938
693500 320268964
694000 320777488
694500 321290081
695000 321801061
695500 322332762
696000 322860008
696500 323380566
697000 323896953
697500 324416303
698000 324943153
698500 325463432
699000 325979276
699500 326509097
700000 327026762
700500 327519933
701000 328011351
701500 328513375
702000 329006651
702500 329505800
703000 330006204
703500 330500894
704000 330991324
704500 331479912
705000 331965380
705500 332455688
706000 332950064
706500 333433170
707000 333920068
707500 334421219
708000 334921330
708500 335430266
709000 335925714
709500 336429938
710000 336924916
710500 337390422
711000 337859457
711500 338347525
712000 338815859
712500 339285611
713000 339758608
713500 340226127
714000 340687230
714500 341150980
715000 341616309
715500 342094924
716000 342577490
716500 343041534
717000 343497503
717500 343966019
718000 344450530
718500 344928261
719000 345401785
719500 345886637
720000 346368325
720500 346809384
721000 347255045
721500 347702209
722000 348142099
722500 348590069
723000 349039639
723500 349471156
724000 349912682
724500 350361283
725000 350812909
725500 351264923
726000 351717967
726500 352153090
727000 352602212
727500 353104446
728000 353738878
728500 354435502
729000 355142363
729500 355822166
730000 356430296
730500 356876490
731000 357315444
731500 357759236
732000 358202656
732500 358650793
733000 359092780
733500 359535972
734000 359985129
734500 360428051
735000 360874933
735500 361327157
736000 361773938
736500 362234628
737000 362683858
737500 363131581
738000 363577138
738500 364028714
739000 364464693
739500 364912785
740000 365346040
740500 365754180
741000 366160827
741500 366573474
742000 366981484
742500 367386734
743000 367802290
743500 368196711
744000 368594697
744500 369002386
745000 369413538
745500 369830092
746000 370245292
746500 370647676
747000 371049148
747500 371442249
748000 371852252
748500 372248046
749000 372645059
749500 373053142
750000 373449600
750500 373595072
751000 373780725
751500 373963612
752000 374148572
752500 374341499
753000 374524521
753500 374719667
754000 374974767
754500 375324393
755000 375699273
755500 376115962
756000 376609273
756500 377156563
757000 377745053
757500 378387150
758000 379059992
758500 379745038
759000 380445136
759500 381146971
760000 381848150
760500 382437861
761000 383091257
761500 383712311
762000 384363076
762500 385052466
763000 385681636
763500 386346223
764000 387001543
764500 387673157
765000 388329056
765500 388990573
766000 389662188
766500 390335371
767000 390988911
767500 391679567
768000 392373985
768500 393067109
769000 393770399
769500 394570657
770000 395279900
770500 395930383
771000 396614555
771500 397266266
772000 397937862
772500 398643121
773000 399320835
773500 399987844
774000 400654613
774500 401360519
775000 402046771
775500 402726100
776000 403390741
776500 404027516
777000 404679204
777500 405355434
778000 406032891
778500 406723049
779000 407408712
779500 408089467
780000 408773923
780500 409416339
781000 410111166
781500 410778340
782000 411455829
782500 412152045
783000 412813167
783500 413494855
784000 414160846
784500 414861487
785000 415593295
785500 416300591
786000 416996732
786500 417680314
787000 418369414
787500 419071578
788000 419790502
788500 420489038
789000 421202794
789500 421915176
790000 422690732
790500 423399772
791000 424128990
791500 424840215
792000 425561106
792500 426300334
793000 427020988
793500 427767279
794000 428496061
794500 429225550
795000 429953253
795500 430678220
796000 431400329
796500 432116699
797000 432835415
797500 433561826
798000 434286314
798500 435005056
799000 435734993
799500 436447189
800000 437169691
800500 437897240
801000 438625965
801500 439355542
802000 440105702
802500 440842856
803000 441602325
803500 442345239
804000 443078194
804500 443823441
805000 444560707
805500 445310073
806000 446076115
806500 446818020
807000 447558466
807500 448300328
808000 449048527
808500 449820934
809000 450574133
809500 451342155
810000 452080052
810500 452814573
811000 453555169
811500 454311953
812000 455028294
812500 455779187
813000 456516324
813500 457244888
814000 457973305
814500 458715161
815000 459458112
815500 460184873
816000 460903475
816500 461644143
817000 462353518
817500 463060760
818000 463769849
818500 464479610
819000 465216542
819500 465927898
820000 466629502
820500 467344733
821000 468084105
821500 468784148
822000 469497838
822500 470386104
823000 471301747
823500 472193403
824000 473056989
824500 473910697
825000 474733155
825500 475541123
826000 476347202
826500 477162672
827000 478003747
827500 478846333
828000 479649906
828500 480454695
829000 481212228
829500 481941871
830000 482698943
830500 483436155
831000 484190477
831500 484938658
832000 485668938
832500 486410595
833000 487148628
833500 487899145
834000 488641502
834500 489372388
835000 490106288
835500 490864833
836000 491589064
836500 492339387
837000 493085127
837500 493824625
838000 494573086
838500 495311464
839000 496052722
839500 496799846
840000 497540835
840500 498283252
841000 499010566
841500 499741714
842000 500458942
842500 501193197
843000 501908227
843500 502645394
844000 503387471
844500 504101974
845000 504817275
845500 505541967
846000 506266906
846500 506984823
847000 507698238
847500 508426220
848000 509155089
848500 509869289
849000 510712670
849500 511444699
850000 512154773
850500 512881508
851000 513622262
851500 514363823
852000 515092463
852500 515816953
853000 516543082
853500 517276238
854000 517996117
854500 518722407
855000 519442971
855500 520162573
856000 520881540
856500 521601420
857000 522324295
857500 523049085
858000 523773665
858500 524492131
859000 525221180
859500 525981266
860000 526714006
860500 527440460
861000 528161352
861500 528907694
862000 529636105
862500 530368918
863000 531101751
863500 531836210
864000 532571140
864500 533296114
865000 534014455
865500 534744141
866000 535469216
866500 536185001
867000 536912688
867500 537644739
868000 538382741
868500 539103549
869000 539823405
869500 540544552
870000 541267218
870500 541988546
871000 542716493
871500 543437313
872000 544156962
872500 544916944
873000 545631995
873500 546367551
874000 547099279
874500 547817146
875000 548532487
875500 549245302
876000 549956349
876500 550669895
877000 551378731
877500 552090227
878000 552800108
878500 553508521
879000 554326620
879500 555038300
880000 555741061
880500 556443907
881000 557151186
881500 557850869
882000 558664688
882500 559364275
883000 560042727
883500 560725677
884000 561406161
884500 562095777
885000 562786415
885500 563469763
886000 564147790
886500 564816654
887000 565481279
887500 566152231
888000 566832182
888500 567512143
889000 568198417
889500 568863363
890000 569547050
890500 570227816
891000 570926681
891500 571603171
892000 572282483
892500 572973129
893000 573639538
893500 574324733
894000 575005265
894500 575696395
895000 576390062
895500 577071561
896000 577739845
896500 578411915
897000 579085202
897500 579773112
898000 580456006
898500 581131184
899000 581810318
899500 582482278
900000 583162297
900500 583837406
901000 584530321
901500 585204980
902000 585879732
902500 586587178
903000 587254136
903500 587928942
904000 588589269
904500 589277075
905000 589960239
905500 590643119
906000 591314446
906500 591979658
907000 592647380
907500 593333975
908000 594017368
908500 594697094
909000 595380431
909500 596048707
910000 596722966
910500 597392321
911000 598081809
911500 598759044
912000 599440155
912500 600135273
913000 600802808
913500 601471085
914000 602139300
914500 602820721
915000 603500404
915500 604173070
916000 604844313
916500 605493550
917000 606148203
917500 606820924
918000 607494841
918500 608164188
919000 608835536
919500 609503392
920000 610168308
920500 610839618
921000 611531371
921500 612207789
922000 612886411
922500 613579075
923000 614254487
923500 614927042
924000 615597081
924500 616274804
925000 616946978
925500 617615324
926000 618289366
926500 618936735
927000 619582073
927500 620248297
928000 620924218
928500 621594321
929000 622275309
929500 622942802
930000 623613811
930500 624282493
931000 624971919
931500 625653516
932000 626339518
932500 627032927
933000 627700964
933500 628377746
934000 629052166
934500 629737948
935000 630421576
935500 631096096
936000 631766440
936500 632420079
937000 633078801
937500 633752871
938000 634433618
938500 635107752
939000 635784086
939500 636454920
940000 637130107
940500 637795336
941000 638493518
941500 639163822
942000 639835572
942500 640521404
943000 641172053
943500 641847166
944000 642517668
944500 643192245
945000 643863141
945500 644532577
946000 645192299
946500 645839738
947000 646503366
947500 647173374
948000 647834465
948500 648510003
949000 649181327
949500 649848712
950000 650519670
950500 651176304
951000 651867161
951500 652531145
952000 653206960
952500 653900768
953000 654562575
953500 655238379
954000 655896696
954500 656579815
955000 657260793
955500 657936303
956000 658610987
956500 659271736
957000 659942077
957500 660614975
958000 661290702
958500 661970892
959000 662647733
959500 663323950
960000 663998049
960500 664666525
961000 665363221
961500 666041177
962000 666725144
962500 667421934
963000 668089275
963500 668769050
964000 669443110
964500 670130433
965000 670815949
965500 671496594
966000 672163149
966500 672809942
967000 673464159
967500 674129032
968000 674845455
968500 675530023
969000 676204641
969500 676877738
970000 677551161
970500 678229770
971000 678930712
971500 679611385
972000 680291972
972500 680988553
973000 681653662
973500 682339408
974000 683014884
974500 683697164
975000 684369651
975500 685045659
976000 685715977
976500 686367120
977000 687021052
977500 687690966
978000 688374605
978500 689048258
979000 689729571
979500 690409642
980000 691087508
980500 691769316
981000 692465914
981500 693155809
982000 693840768
982500 694546083
983000 695223300
983500 695903075
984000 696581707
984500 697272968
985000 697955403
985500 698644261
986000 699322164
986500 699982690
987000 700647162
987500 701319103
988000 702001977
988500 702686088
989000 703362251
989500 704031288
990000 704712325
990500 705379425
991000 706077528
991500 706757632
992000 707433667
992500 708130783
993000 708838111
993500 709537541
994000 710264243
994500 710985951
995000 711729928
995500 712456491
996000 713181484
996500 713922531
997000 714672522
997500 715407201
998000 716140982
998500 716867594
999000 717619148
999500 718355458
1000000 719077719
