0 0
500 25254
1000 52209
1500 75751
2000 98893
2500 122943
3000 146297
3500 169400
4000 195359
4500 218241
5000 242179
5500 268046
6000 291278
6500 314548
7000 349754
7500 381105
8000 407120
8500 430584
9000 453708
9500 479708
10000 503274
10500 528943
11000 552332
11500 574377
12000 598443
12500 621818
13000 644971
13500 668143
14000 691482
14500 715420
15000 740070
15500 763506
16000 789268
16500 813508
17000 836950
17500 860730
18000 884048
18500 907420
19000 930649
19500 953856
20000 977123
