0 0
500 226440
1000 846651
1500 2117473
2000 4642714
2500 7910320
3000 11877097
3500 16564030
4000 21910738
4500 28002554
5000 34900782
5500 42569185
6000 50952112
6500 60098514
7000 69919810
7500 80445836
8000 91679937
8500 103645064
9000 116336122
9500 129754603
10000 144086574
10500 159177319
11000 175048212
11500 191703358
12000 209273791
12500 227575189
13000 247766724
13500 271958680
14000 296861270
14500 322653775
15000 349297137
15500 376705362
16000 405001602
16500 434194137
17000 464919775
17500 496029259
18000 527870864
18500 560632719
19000 594270576
19500 628742189
20000 664087672
20500 700399023
21000 737545859
21500 775993420
22000 815022212
22500 854850531
23000 895569785
23500 937127209
24000 979836074
24500 1023438754
25000 1067680521
25500 1112983260
26000 1159077886
26500 1206046156
27000 1253959956
27500 1303183761
28000 1352939568
28500 1403406474
29000 1454940517
29500 1507250933
30000 1560425899
30500 1614451535
31000 1669356583
31500 1725235740
32000 1782348695
32500 1839946740
33000 1898389987
33500 1957758611
34000 2017995927
34500 2079153269
35000 2141157835
35500 2204098706
36000 2261578067
36500 2317563978
37000 2373787843
37500 2430631485
38000 2488254769
38500 2546689283
39000 2605780299
39500 2665632519
40000 2726301760
40500 2788123516
41000 2850414271
41500 2913523888
42000 2977232779
42500 3041775334
43000 3108257167
43500 3174327632
44000 3240962568
44500 3308892937
45000 3377672692
45500 3448323034
46000 3522481358
46500 3595727997
47000 3668774874
47500 3740836065
48000 3813989071
48500 3887672767
49000 3961835001
49500 4036787600
50000 4112574241
50500 4191808149
51000 4269786761
51500 4348251142
52000 4426980217
52500 4506463420
53000 4587336444
53500 4670494683
54000 4752537643
54500 4835480736
55000 4918790096
55500 5005528455
56000 5091771075
